***********************Breadth First Search********************
step 0 is:
[[ 0  0  0  0  0  0  0  1]
 [ 0  0  0  0  0  0  0  0]
 [ 0 -1  0  0  0  0  0  0]
 [ 0  0  0  0  0  0 -1  0]
 [ 0  0  0  0  0  0  0  0]
 [ 0  0  0  0  0  0  0  0]
 [ 2  0  0  0  0  0  0  0]
 [ 0  0  0  0  2  0  0  0]]
step 1 is:
[[ 0  0  0  0  0  0  0  0]
 [ 0  0  0  0  0  0  0  0]
 [ 0 -1  0  0  0  0  1  0]
 [ 0  0  0  0  0  0 -1  0]
 [ 0  0  0  0  0  0  0  0]
 [ 0  0  0  0  0  0  0  0]
 [ 2  0  0  0  0  0  0  0]
 [ 0  0  0  0  2  0  0  0]]
step 2 is:
[[ 0  0  0  0  0  0  0  0]
 [ 0  0  0  0  0  0  0  0]
 [ 0 -1  0  0  0  0  0  0]
 [ 0  0  0  0  0  0 -1  0]
 [ 0  0  0  0  0  0  0  1]
 [ 0  0  0  0  0  0  0  0]
 [ 2  0  0  0  0  0  0  0]
 [ 0  0  0  0  2  0  0  0]]
step 3 is:
[[ 0  0  0  0  0  0  0  0]
 [ 0  0  0  0  0  0  0  0]
 [ 0 -1  0  0  0  0  0  0]
 [ 0  0  0  0  0  0 -1  0]
 [ 0  0  0  0  0  0  0  0]
 [ 0  0  0  0  0  0  0  0]
 [ 2  0  0  0  0  0  1  0]
 [ 0  0  0  0  2  0  0  0]]
step 4 is:
[[ 0  0  0  0  0  0  0  0]
 [ 0  0  0  0  0  0  0  0]
 [ 0 -1  0  0  0  0  0  0]
 [ 0  0  0  0  0  0 -1  0]
 [ 0  0  0  0  0  0  0  0]
 [ 0  0  0  0  0  0  0  0]
 [ 2  0  0  0  0  0  0  0]
 [ 0  0  0  0  1  0  0  0]]
***********************Depth First Search********************
step 0 is:
[[ 0  0  0  0  0  0  0  1]
 [ 0  0  0  0  0  0  0  0]
 [ 0 -1  0  0  0  0  0  0]
 [ 0  0  0  0  0  0 -1  0]
 [ 0  0  0  0  0  0  0  0]
 [ 0  0  0  0  0  0  0  0]
 [ 2  0  0  0  0  0  0  0]
 [ 0  0  0  0  2  0  0  0]]
step 1 is:
[[ 0  0  0  0  0  0  0  0]
 [ 0  0  0  0  0  1  0  0]
 [ 0 -1  0  0  0  0  0  0]
 [ 0  0  0  0  0  0 -1  0]
 [ 0  0  0  0  0  0  0  0]
 [ 0  0  0  0  0  0  0  0]
 [ 2  0  0  0  0  0  0  0]
 [ 0  0  0  0  2  0  0  0]]
step 2 is:
[[ 0  0  0  1  0  0  0  0]
 [ 0  0  0  0  0  0  0  0]
 [ 0 -1  0  0  0  0  0  0]
 [ 0  0  0  0  0  0 -1  0]
 [ 0  0  0  0  0  0  0  0]
 [ 0  0  0  0  0  0  0  0]
 [ 2  0  0  0  0  0  0  0]
 [ 0  0  0  0  2  0  0  0]]
step 3 is:
[[ 0  0  0  0  0  0  0  0]
 [ 0  1  0  0  0  0  0  0]
 [ 0 -1  0  0  0  0  0  0]
 [ 0  0  0  0  0  0 -1  0]
 [ 0  0  0  0  0  0  0  0]
 [ 0  0  0  0  0  0  0  0]
 [ 2  0  0  0  0  0  0  0]
 [ 0  0  0  0  2  0  0  0]]
step 4 is:
[[ 0  0  0  0  0  0  0  0]
 [ 0  0  0  0  0  0  0  0]
 [ 0 -1  0  1  0  0  0  0]
 [ 0  0  0  0  0  0 -1  0]
 [ 0  0  0  0  0  0  0  0]
 [ 0  0  0  0  0  0  0  0]
 [ 2  0  0  0  0  0  0  0]
 [ 0  0  0  0  2  0  0  0]]
step 5 is:
[[ 0  0  0  0  0  0  0  0]
 [ 0  0  0  0  0  0  0  0]
 [ 0 -1  0  0  0  0  0  0]
 [ 0  1  0  0  0  0 -1  0]
 [ 0  0  0  0  0  0  0  0]
 [ 0  0  0  0  0  0  0  0]
 [ 2  0  0  0  0  0  0  0]
 [ 0  0  0  0  2  0  0  0]]
step 6 is:
[[ 0  0  0  0  0  0  0  0]
 [ 0  0  0  0  0  0  0  0]
 [ 0 -1  0  0  0  0  0  0]
 [ 0  0  0  0  0  0 -1  0]
 [ 0  0  0  1  0  0  0  0]
 [ 0  0  0  0  0  0  0  0]
 [ 2  0  0  0  0  0  0  0]
 [ 0  0  0  0  2  0  0  0]]
step 7 is:
[[ 0  0  0  0  0  0  0  0]
 [ 0  0  0  0  0  0  0  0]
 [ 0 -1  0  0  0  0  0  0]
 [ 0  0  0  0  0  1 -1  0]
 [ 0  0  0  0  0  0  0  0]
 [ 0  0  0  0  0  0  0  0]
 [ 2  0  0  0  0  0  0  0]
 [ 0  0  0  0  2  0  0  0]]
step 8 is:
[[ 0  0  0  0  0  0  0  0]
 [ 0  0  0  0  0  0  0  0]
 [ 0 -1  0  0  0  0  0  1]
 [ 0  0  0  0  0  0 -1  0]
 [ 0  0  0  0  0  0  0  0]
 [ 0  0  0  0  0  0  0  0]
 [ 2  0  0  0  0  0  0  0]
 [ 0  0  0  0  2  0  0  0]]
step 9 is:
[[ 0  0  0  0  0  0  1  0]
 [ 0  0  0  0  0  0  0  0]
 [ 0 -1  0  0  0  0  0  0]
 [ 0  0  0  0  0  0 -1  0]
 [ 0  0  0  0  0  0  0  0]
 [ 0  0  0  0  0  0  0  0]
 [ 2  0  0  0  0  0  0  0]
 [ 0  0  0  0  2  0  0  0]]
step 10 is:
[[ 0  0  0  0  0  0  0  0]
 [ 0  0  0  0  1  0  0  0]
 [ 0 -1  0  0  0  0  0  0]
 [ 0  0  0  0  0  0 -1  0]
 [ 0  0  0  0  0  0  0  0]
 [ 0  0  0  0  0  0  0  0]
 [ 2  0  0  0  0  0  0  0]
 [ 0  0  0  0  2  0  0  0]]
step 11 is:
[[ 0  0  1  0  0  0  0  0]
 [ 0  0  0  0  0  0  0  0]
 [ 0 -1  0  0  0  0  0  0]
 [ 0  0  0  0  0  0 -1  0]
 [ 0  0  0  0  0  0  0  0]
 [ 0  0  0  0  0  0  0  0]
 [ 2  0  0  0  0  0  0  0]
 [ 0  0  0  0  2  0  0  0]]
step 12 is:
[[ 0  0  0  0  0  0  0  0]
 [ 1  0  0  0  0  0  0  0]
 [ 0 -1  0  0  0  0  0  0]
 [ 0  0  0  0  0  0 -1  0]
 [ 0  0  0  0  0  0  0  0]
 [ 0  0  0  0  0  0  0  0]
 [ 2  0  0  0  0  0  0  0]
 [ 0  0  0  0  2  0  0  0]]
step 13 is:
[[ 0  0  0  0  0  0  0  0]
 [ 0  0  0  0  0  0  0  0]
 [ 0 -1  1  0  0  0  0  0]
 [ 0  0  0  0  0  0 -1  0]
 [ 0  0  0  0  0  0  0  0]
 [ 0  0  0  0  0  0  0  0]
 [ 2  0  0  0  0  0  0  0]
 [ 0  0  0  0  2  0  0  0]]
step 14 is:
[[ 0  0  0  0  0  0  0  0]
 [ 0  0  0  0  0  0  0  0]
 [ 0 -1  0  0  0  0  0  0]
 [ 1  0  0  0  0  0 -1  0]
 [ 0  0  0  0  0  0  0  0]
 [ 0  0  0  0  0  0  0  0]
 [ 2  0  0  0  0  0  0  0]
 [ 0  0  0  0  2  0  0  0]]
step 15 is:
[[ 0  0  0  0  0  0  0  0]
 [ 0  0  0  0  0  0  0  0]
 [ 0 -1  0  0  0  0  0  0]
 [ 0  0  0  0  0  0 -1  0]
 [ 0  0  1  0  0  0  0  0]
 [ 0  0  0  0  0  0  0  0]
 [ 2  0  0  0  0  0  0  0]
 [ 0  0  0  0  2  0  0  0]]
step 16 is:
[[ 0  0  0  0  0  0  0  0]
 [ 0  0  0  0  0  0  0  0]
 [ 0 -1  0  0  0  0  0  0]
 [ 0  0  0  0  1  0 -1  0]
 [ 0  0  0  0  0  0  0  0]
 [ 0  0  0  0  0  0  0  0]
 [ 2  0  0  0  0  0  0  0]
 [ 0  0  0  0  2  0  0  0]]
step 17 is:
[[ 0  0  0  0  0  0  0  0]
 [ 0  0  0  0  0  0  0  0]
 [ 0 -1  0  0  0  0  1  0]
 [ 0  0  0  0  0  0 -1  0]
 [ 0  0  0  0  0  0  0  0]
 [ 0  0  0  0  0  0  0  0]
 [ 2  0  0  0  0  0  0  0]
 [ 0  0  0  0  2  0  0  0]]
step 18 is:
[[ 0  0  0  0  0  1  0  0]
 [ 0  0  0  0  0  0  0  0]
 [ 0 -1  0  0  0  0  0  0]
 [ 0  0  0  0  0  0 -1  0]
 [ 0  0  0  0  0  0  0  0]
 [ 0  0  0  0  0  0  0  0]
 [ 2  0  0  0  0  0  0  0]
 [ 0  0  0  0  2  0  0  0]]
step 19 is:
[[ 0  0  0  0  0  0  0  0]
 [ 0  0  0  1  0  0  0  0]
 [ 0 -1  0  0  0  0  0  0]
 [ 0  0  0  0  0  0 -1  0]
 [ 0  0  0  0  0  0  0  0]
 [ 0  0  0  0  0  0  0  0]
 [ 2  0  0  0  0  0  0  0]
 [ 0  0  0  0  2  0  0  0]]
step 20 is:
[[ 0  1  0  0  0  0  0  0]
 [ 0  0  0  0  0  0  0  0]
 [ 0 -1  0  0  0  0  0  0]
 [ 0  0  0  0  0  0 -1  0]
 [ 0  0  0  0  0  0  0  0]
 [ 0  0  0  0  0  0  0  0]
 [ 2  0  0  0  0  0  0  0]
 [ 0  0  0  0  2  0  0  0]]
step 21 is:
[[ 0  0  0  0  0  0  0  0]
 [ 0  0  0  0  0  0  0  0]
 [ 1 -1  0  0  0  0  0  0]
 [ 0  0  0  0  0  0 -1  0]
 [ 0  0  0  0  0  0  0  0]
 [ 0  0  0  0  0  0  0  0]
 [ 2  0  0  0  0  0  0  0]
 [ 0  0  0  0  2  0  0  0]]
step 22 is:
[[ 0  0  0  0  0  0  0  0]
 [ 0  0  1  0  0  0  0  0]
 [ 0 -1  0  0  0  0  0  0]
 [ 0  0  0  0  0  0 -1  0]
 [ 0  0  0  0  0  0  0  0]
 [ 0  0  0  0  0  0  0  0]
 [ 2  0  0  0  0  0  0  0]
 [ 0  0  0  0  2  0  0  0]]
step 23 is:
[[ 0  0  0  0  1  0  0  0]
 [ 0  0  0  0  0  0  0  0]
 [ 0 -1  0  0  0  0  0  0]
 [ 0  0  0  0  0  0 -1  0]
 [ 0  0  0  0  0  0  0  0]
 [ 0  0  0  0  0  0  0  0]
 [ 2  0  0  0  0  0  0  0]
 [ 0  0  0  0  2  0  0  0]]
step 24 is:
[[ 0  0  0  0  0  0  0  0]
 [ 0  0  0  0  0  0  1  0]
 [ 0 -1  0  0  0  0  0  0]
 [ 0  0  0  0  0  0 -1  0]
 [ 0  0  0  0  0  0  0  0]
 [ 0  0  0  0  0  0  0  0]
 [ 2  0  0  0  0  0  0  0]
 [ 0  0  0  0  2  0  0  0]]
step 25 is:
[[ 0  0  0  0  0  0  0  0]
 [ 0  0  0  0  0  0  0  0]
 [ 0 -1  0  0  1  0  0  0]
 [ 0  0  0  0  0  0 -1  0]
 [ 0  0  0  0  0  0  0  0]
 [ 0  0  0  0  0  0  0  0]
 [ 2  0  0  0  0  0  0  0]
 [ 0  0  0  0  2  0  0  0]]
step 26 is:
[[ 0  0  0  0  0  0  0  0]
 [ 0  0  0  0  0  0  0  0]
 [ 0 -1  0  0  0  0  0  0]
 [ 0  0  1  0  0  0 -1  0]
 [ 0  0  0  0  0  0  0  0]
 [ 0  0  0  0  0  0  0  0]
 [ 2  0  0  0  0  0  0  0]
 [ 0  0  0  0  2  0  0  0]]
step 27 is:
[[ 0  0  0  0  0  0  0  0]
 [ 0  0  0  0  0  0  0  0]
 [ 0 -1  0  0  0  0  0  0]
 [ 0  0  0  0  0  0 -1  0]
 [ 1  0  0  0  0  0  0  0]
 [ 0  0  0  0  0  0  0  0]
 [ 2  0  0  0  0  0  0  0]
 [ 0  0  0  0  2  0  0  0]]
step 28 is:
[[ 0  0  0  0  0  0  0  0]
 [ 0  0  0  0  0  0  0  0]
 [ 0 -1  0  0  0  0  0  0]
 [ 0  0  0  0  0  0 -1  0]
 [ 0  0  0  0  0  0  0  0]
 [ 0  0  1  0  0  0  0  0]
 [ 2  0  0  0  0  0  0  0]
 [ 0  0  0  0  2  0  0  0]]
step 29 is:
[[ 0  0  0  0  0  0  0  0]
 [ 0  0  0  0  0  0  0  0]
 [ 0 -1  0  0  0  0  0  0]
 [ 0  0  0  0  0  0 -1  0]
 [ 0  0  0  0  1  0  0  0]
 [ 0  0  0  0  0  0  0  0]
 [ 2  0  0  0  0  0  0  0]
 [ 0  0  0  0  2  0  0  0]]
step 30 is:
[[ 0  0  0  0  0  0  0  0]
 [ 0  0  0  0  0  0  0  0]
 [ 0 -1  0  0  0  0  0  0]
 [ 0  0  0  0  0  0 -1  0]
 [ 0  0  0  0  0  0  0  0]
 [ 0  0  0  0  0  0  1  0]
 [ 2  0  0  0  0  0  0  0]
 [ 0  0  0  0  2  0  0  0]]
step 31 is:
[[ 0  0  0  0  0  0  0  0]
 [ 0  0  0  0  0  0  0  0]
 [ 0 -1  0  0  0  0  0  0]
 [ 0  0  0  0  0  0 -1  0]
 [ 0  0  0  0  0  0  0  0]
 [ 0  0  0  0  0  0  0  0]
 [ 2  0  0  0  1  0  0  0]
 [ 0  0  0  0  2  0  0  0]]
step 32 is:
[[ 0  0  0  0  0  0  0  0]
 [ 0  0  0  0  0  0  0  0]
 [ 0 -1  0  0  0  0  0  0]
 [ 0  0  0  0  0  0 -1  0]
 [ 0  0  0  0  0  0  0  0]
 [ 0  0  0  0  0  0  0  0]
 [ 2  0  0  0  0  0  0  0]
 [ 0  0  1  0  2  0  0  0]]
step 33 is:
[[ 0  0  0  0  0  0  0  0]
 [ 0  0  0  0  0  0  0  0]
 [ 0 -1  0  0  0  0  0  0]
 [ 0  0  0  0  0  0 -1  0]
 [ 0  0  0  0  0  0  0  0]
 [ 0  0  0  0  0  0  0  0]
 [ 1  0  0  0  0  0  0  0]
 [ 0  0  0  0  2  0  0  0]]
***********************Iterative Depth First Search********************
step 0 is:
[[ 0  0  0  0  0  0  0  1]
 [ 0  0  0  0  0  0  0  0]
 [ 0 -1  0  0  0  0  0  0]
 [ 0  0  0  0  0  0 -1  0]
 [ 0  0  0  0  0  0  0  0]
 [ 0  0  0  0  0  0  0  0]
 [ 2  0  0  0  0  0  0  0]
 [ 0  0  0  0  2  0  0  0]]
step 1 is:
[[ 0  0  0  0  0  0  0  0]
 [ 0  0  0  0  0  1  0  0]
 [ 0 -1  0  0  0  0  0  0]
 [ 0  0  0  0  0  0 -1  0]
 [ 0  0  0  0  0  0  0  0]
 [ 0  0  0  0  0  0  0  0]
 [ 2  0  0  0  0  0  0  0]
 [ 0  0  0  0  2  0  0  0]]
step 2 is:
[[ 0  0  0  0  0  0  0  0]
 [ 0  0  0  0  0  0  0  0]
 [ 0 -1  0  0  0  0  0  0]
 [ 0  0  0  0  1  0 -1  0]
 [ 0  0  0  0  0  0  0  0]
 [ 0  0  0  0  0  0  0  0]
 [ 2  0  0  0  0  0  0  0]
 [ 0  0  0  0  2  0  0  0]]
step 3 is:
[[ 0  0  0  0  0  0  0  0]
 [ 0  0  0  0  0  0  0  0]
 [ 0 -1  0  0  0  0  0  0]
 [ 0  0  0  0  0  0 -1  0]
 [ 0  0  0  0  0  0  0  0]
 [ 0  0  0  1  0  0  0  0]
 [ 2  0  0  0  0  0  0  0]
 [ 0  0  0  0  2  0  0  0]]
step 4 is:
[[ 0  0  0  0  0  0  0  0]
 [ 0  0  0  0  0  0  0  0]
 [ 0 -1  0  0  0  0  0  0]
 [ 0  0  0  0  0  0 -1  0]
 [ 0  0  0  0  0  0  0  0]
 [ 0  0  0  0  0  0  0  0]
 [ 2  0  0  0  0  0  0  0]
 [ 0  0  0  0  1  0  0  0]]
***********************Uniform Cost Search********************
step 0 is:
[[ 0  0  0  0  0  0  0  1]
 [ 0  0  0  0  0  0  0  0]
 [ 0 -1  0  0  0  0  0  0]
 [ 0  0  0  0  0  0 -1  0]
 [ 0  0  0  0  0  0  0  0]
 [ 0  0  0  0  0  0  0  0]
 [ 2  0  0  0  0  0  0  0]
 [ 0  0  0  0  2  0  0  0]]
step 1 is:
[[ 0  0  0  0  0  0  0  0]
 [ 0  0  0  0  0  0  0  0]
 [ 0 -1  0  0  0  0  1  0]
 [ 0  0  0  0  0  0 -1  0]
 [ 0  0  0  0  0  0  0  0]
 [ 0  0  0  0  0  0  0  0]
 [ 2  0  0  0  0  0  0  0]
 [ 0  0  0  0  2  0  0  0]]
step 2 is:
[[ 0  0  0  0  0  0  0  0]
 [ 0  0  0  0  0  0  0  0]
 [ 0 -1  0  0  0  0  0  0]
 [ 0  0  0  0  0  0 -1  0]
 [ 0  0  0  0  0  0  0  1]
 [ 0  0  0  0  0  0  0  0]
 [ 2  0  0  0  0  0  0  0]
 [ 0  0  0  0  2  0  0  0]]
step 3 is:
[[ 0  0  0  0  0  0  0  0]
 [ 0  0  0  0  0  0  0  0]
 [ 0 -1  0  0  0  0  0  0]
 [ 0  0  0  0  0  0 -1  0]
 [ 0  0  0  0  0  0  0  0]
 [ 0  0  0  0  0  1  0  0]
 [ 2  0  0  0  0  0  0  0]
 [ 0  0  0  0  2  0  0  0]]
step 4 is:
[[ 0  0  0  0  0  0  0  0]
 [ 0  0  0  0  0  0  0  0]
 [ 0 -1  0  0  0  0  0  0]
 [ 0  0  0  0  0  0 -1  0]
 [ 0  0  0  0  0  0  0  0]
 [ 0  0  0  0  0  0  0  0]
 [ 2  0  0  0  0  0  0  0]
 [ 0  0  0  0  1  0  0  0]]
